!           |---------------------------------------------------------|
!           |     N  S  D   P  |  ATTRIBUTE  MODIFIERS   |     A      |
!           |  C  A  P  E   R  |-------------------------|  S  R      |
! ----------|  H  T  L  V   C  | S  D  A  C   I  W  D  C |  I  M  AVG |
!  R A C E  |  E  R  L  C   P  | T  E  G  O   N  I  I  H |  Z  O   WT |
! ----------|  M  L  S  S   T  | R  X  I  N   T  S  S  A |  E  R  Lbs |
! *********************************************************************

@ Race 1 11

Aarakocra    3  4  3  2   4    0  0  0  0   0  0  0  0    0  7   120
Brownie      3  4  5  4   3   -3  3  3 -2   1  1  0  0  -10  7    35
Centaur      4  4  3  4   2    2  0 -2  2   0  1 -1  0   10  8  1600
Drauglin     4  5  5  2   4    3  0  3  3   3  0  1  1   10  7  1200
Dwarf        5  5  3  5   0    1  1 -1  2   0  0  1 -1   -5  9   150
Eldar        4  4  5  4   3    0  1  3  0   1  1  1  2    0  9   145
Elf          4  4  5  4   3    0  1  3 -1   0  1  0  2    0  9   140
Frostman     5  4  4  3   0    0  0  0  0   0  0  0  0    0  8   170
Gremlin      3  4  4  5   1    0  0  0  0   0  0  0  0   -5  7    40
Grey Elf     4  4  5  4   3    0  1  3 -1   0  0  1  2    0  9   140
Half-Elf     4  4  4  4   2    0  0  1  0   0  0  0  1    0  9   155
Half-Orc     4  3  2  4   1    0  0  0  0   0  0  0 -2    0  9   165
Halfling     4  5  5  5   3   -3  3  1 -1   0  1  1 -1  -10  9    65
Hobbit       4  5  5  5   3   -3  3  1 -1   0  1  1 -1  -10  9    65
Human        3  3  3  3   1    0  0  0  0   0  0  0  0    0  9   180
Lizard Man   5  4  3  2   2    1  1 -1  1   0 -1  0 -2    0  8   185
Orc          5  4  1  5   0    0  0  0  1   0 -1  0 -3    0  8   165
Orkhaz       5  5  3  4   0    1  0  0  1   0  0  0 -2   -5  8   155
Phraint      3  5  2  3   1    1  1  1  1   0  0  0 -3    5  3   220
Rakshasa     3  4  5  3   2    1  0  1  1   1  0  1  1    0  5   180
Rommach      4  4  4  2   3    0  0  0  0   0  0  0  0    0  8   180
Satry        3  4  3  4   2   -1  0  0  0   1  0  0 -1   -5  9   110
Silvan       4  5  4  4   3    0  1  3 -1   0  1 -1  2    0  9   130
Uruk         5  4  2  4   1    2  1  1  2   0 -1  0 -3    0  6   210
* ---------------------------------------------------------------------
* Couatl       4  5  4  1   3    3  0  1  3   3  2  2  0    5  5   600
* Dryad        3  5  4  2   3   -1  0  1  0   1  0  0  3  -10  9   110
* Item         2  2  1  0   0    0  0  0  0   0  0  0  0  -15  6     5
* Lamia        4  3  3  3   2    2  2  2  2   1  0  0  0    5  6   350
* Lamia Noble  4  3  3  3   2    3  0  3  3   1  0  0 -3    5  6   480
* Leprechaun   4  4  3  3   3   -3  2  2 -1   2  1  0  0  -10  9    40
* Myrmidon     3  5  2  3   1    0  0  0  0   0  0  0  0    0  8   170
* Nymph        3  5  4  3   1   -1  0  0  0   2  0  0  3    0  9   120
* Pixie        4  4  3  3   2   -3 +2 +2 -2  +2  0  0  0  -20  9    50
* Sphynx       4  4  3  3   1    3  0  1  2   2  2  1  0    5  5   480
* Sprite       4  5  3  2   2   -3  2  2 -2   1  0  0  1  -15  9    40
* Sylph        3  5  3  3   1   -1  0  1  0   2  0  0  3    0  9   110
* Unicorn      5  4  3  3   2    3  0  0  3   3  3  3  2   10  6  1200
* Vortikieri   3  4  3  1   1    0  0  0  0   0  0  0  0    0  9   160
* Will-o-wisp  4  4  5  5   0   -9 -9  0  0   0  0  0  0  -20  0     1
